3240 2916
288 288
252 252
288 288
288 288
1260 288
288 288
288 288
288 288
288 288
288 288
252 288
288 288
288 288
288 288
288 288
288 288
252 252
288 288
288 288
288 288
288 288
288 288
288 288
288 288
864 288
252 252
288 288
288 288
288 288
288 288
288 288
288 288
288 288
288 288
252 252
288 288
288 288
288 288
288 288
288 288
288 288
288 288
288 288
288 288
864 288
288 288
288 288
288 288
288 288
288 288
288 288
288 288
288 288
288 288
288 288
288 288
288 288
288 288
288 288
288 288
252 288
288 288
288 288
288 288
864 324
288 288
288 288
288 288
288 288
252 288
288 288
288 288
288 288
288 288
252 252
288 288
288 288
288 288
252 288
288 288
288 288
288 288
288 288
288 1584
288 288
288 288
288 288
288 288
288 288
288 288
288 288
288 288
288 288
252 288
288 288
288 288
288 288
288 288
252 288
252 324
396 288
288 288
324 288
288 288
288 288
288 252
288 288
288 1116
288 288
288 288
324 288
288 288
288 288
252 252
288 288
288 288
288 288
252 252
288 288
288 288
288 288
252 252
288 288
288 288
288 288
252 288
288 288
288 972
288 288
288 288
288 288
288 288
288 288
288 288
288 288
288 288
288 288
288 288
288 288
288 288
288 288
288 288
288 288
288 288
288 288
288 288
288 288
288 1008
288 288
288 288
288 288
288 288
288 288
288 288
288 288
288 288
288 288
288 288
288 288
288 288
288 288
288 288
288 288
288 288
288 288
288 288
288 288
288 1008
288 288
288 288
288 288
288 288
288 288
288 288
288 288
288 288
288 288
288 288
288 288
288 288
288 288
288 288
288 288
288 288
288 288
288 288
288 288
288 1008
288 288
288 288
288 288
288 288
288 288
288 288
288 288
288 288
288 288
288 288
288 288
288 288
288 288
288 288
288 288
288 288
288 288
288 288
288 288
288 1008
288 288
288 288
288 288
288 288
288 288
288 288
324 288
288 288
288 288
288 288
288 288
288 288
288 288
288 288
288 288
288 288
252 288
252 288
252 288
252 972
288 288
288 288
288 288
288 288
288 288
288 288
288 288
288 288
288 288
288 288
288 288
288 288
288 288
288 288
288 288
288 288
288 288
288 288
288 288
288 1008
288 288
288 288
288 288
288 288
288 288
288 288
288 288
288 288
288 288
288 288
288 288
288 288
288 288
288 288
288 288
288 288
288 288
288 288
288 288
288 1008
288 288
288 288
288 288
288 288
288 288
288 288
288 288
288 288
288 288
288 288
288 288
288 288
288 288
288 288
288 288
288 288
288 288
288 288
288 288
288 1008
288 288
288 288
288 288
288 288
288 288
288 288
288 288
288 288
288 288
288 288
288 288
288 288
288 288
288 288
288 288
288 288
288 288
288 288
288 288
288 1008
288 288
252 324
288 288
288 288
288 288
252 252
288 288
288 288
288 288
252 252
288 288
288 288
288 288
252 288
288 288
288 288
288 288
252 288
288 288
288 972
288 288
252 288
288 288
252 252
288 288
288 288
288 288
252 252
288 288
288 288
288 288
252 288
288 288
288 288
288 288
252 252
288 288
288 288
288 288
288 972
252 324
252 288
288 288
288 288
288 288
252 252
288 288
288 288
288 288
252 288
288 288
288 288
288 288
252 288
288 288
288 288
288 288
252 252
288 288
288 972
252 288
288 288
288 288
252 288
288 288
288 288
288 288
252 252
288 288
288 288
288 288
252 252
288 288
288 288
288 288
252 252
288 288
288 288
288 288
252 1008
288 288
252 252
288 288
288 288
288 288
252 252
288 288
288 288
288 288
252 252
288 288
288 288
288 288
252 252
288 288
288 288
288 288
252 252
288 288
288 1008
288 288
288 288
288 288
252 252
288 288
288 288
288 288
252 252
288 288
288 288
288 288
252 252
288 288
288 288
288 288
252 252
288 288
288 288
288 288
252 1008
288 288
288 288
288 288
288 288
288 288
288 288
288 288
288 288
288 288
288 288
288 288
288 288
288 288
252 288
252 288
252 288
252 288
252 288
252 288
252 1008
288 288
288 288
288 288
288 288
288 288
288 288
288 288
288 288
288 288
288 288
288 288
288 288
288 288
288 288
288 288
288 288
252 288
252 288
252 288
288 972
288 288
288 288
288 288
288 288
288 288
288 288
288 288
288 288
288 288
288 288
252 288
252 288
252 288
252 288
252 288
252 288
252 288
252 288
252 288
252 1008
288 288
288 288
288 288
288 288
288 288
288 288
288 288
252 288
252 288
252 288
252 288
252 288
252 288
252 288
252 288
252 288
252 288
252 288
252 288
252 1008
288 288
288 288
288 288
288 288
288 288
288 288
288 288
288 288
288 288
252 288
252 288
252 288
252 288
252 288
252 288
288 288
288 288
288 288
288 288
288 972
288 288
288 288
288 288
288 288
288 288
288 288
288 288
288 288
288 288
288 288
288 288
288 288
288 288
288 288
288 288
288 288
252 288
252 288
288 288
288 972
288 288
288 288
288 432
288 324
288 288
288 288
288 288
288 324
288 288
288 288
288 288
288 288
288 288
396 288
288 288
288 288
288 324
288 288
288 288
1224 288
288 288
252 396
288 288
288 288
288 288
288 288
324 324
288 288
288 288
288 360
288 288
288 360
288 288
288 288
288 288
288 288
288 432
432 288
1476 288
288 288
288 288
288 324
396 288
288 324
324 288
288 288
288 288
432 288
288 288
432 288
288 288
324 288
288 288
288 288
252 324
288 288
324 288
288 1332
288 288
288 324
288 288
252 360
288 288
288 288
288 288
288 288
288 288
288 288
288 288
288 324
288 288
288 288
288 324
288 324
288 324
288 288
288 1440
288 288
324 324
288 288
324 288
288 288
324 288
288 288
252 360
288 288
288 324
288 432
288 288
288 360
360 360
288 288
288 288
288 360
288 288
288 1512
288 288
288 288
252 288
288 288
288 288
288 324
288 288
288 324
288 288
288 288
288 288
288 324
288 288
360 288
288 288
252 324
252 288
288 288
288 288
1476 288
288 324
288 288
288 288
288 288
288 288
288 288
324 288
324 288
288 288
288 288
288 288
288 288
288 288
288 288
288 288
288 288
288 288
288 288
288 1260
252 288
252 288
252 288
252 288
252 288
252 288
252 288
288 288
288 288
288 288
288 288
288 288
288 288
288 288
288 288
288 288
288 288
288 288
288 288
288 972
252 288
288 288
288 288
288 288
288 288
288 288
288 288
288 288
288 288
288 288
288 288
288 288
288 288
288 288
288 288
288 288
288 288
288 288
288 288
288 1008
288 288
288 288
288 288
288 288
288 288
288 288
288 288
288 288
288 288
288 288
288 288
288 288
288 288
288 288
288 288
288 288
288 288
288 288
288 288
288 1008
288 288
288 288
288 288
288 288
288 288
288 288
288 288
288 288
288 288
288 288
288 288
288 288
288 288
288 288
288 288
288 288
288 288
288 288
288 288
288 1008
288 288
288 288
288 288
288 288
288 288
288 288
288 288
288 288
288 288
288 288
288 288
288 288
288 288
288 288
288 288
288 288
288 288
288 288
288 288
288 1008
288 288
288 288
288 288
288 288
288 288
288 288
288 288
288 288
288 288
288 288
288 288
288 288
288 288
288 288
288 288
288 288
288 288
288 288
288 288
288 1008
288 288
288 288
288 288
288 288
288 288
288 288
288 288
288 288
288 288
288 288
288 288
288 288
288 288
288 288
288 288
288 288
288 288
288 288
288 288
288 1008
288 288
288 288
288 288
288 288
288 288
288 288
288 288
432 288
288 288
288 288
288 288
288 288
288 288
288 288
288 288
288 288
288 288
288 288
288 288
1548 288
288 288
288 288
288 288
288 288
288 288
288 288
288 288
288 288
288 288
288 288
288 288
288 288
288 288
288 288
252 288
252 288
252 288
252 288
252 288
972 288
288 288
288 288
288 288
288 288
288 288
288 288
288 288
288 288
288 288
288 288
252 288
252 288
252 288
252 288
252 288
288 288
288 288
288 288
288 288
972 288
288 288
288 288
288 288
288 288
288 288
252 288
252 288
252 288
252 288
252 288
252 288
252 288
252 288
252 288
252 288
252 288
252 288
252 288
252 288
972 288
288 288
288 288
288 288
288 288
288 288
288 288
252 288
252 288
252 288
252 288
252 288
252 288
252 288
252 288
252 288
252 288
252 288
252 288
252 288
972 288
288 288
252 288
252 288
252 288
252 288
252 288
252 288
252 288
252 288
252 288
252 288
288 288
288 288
288 288
288 288
288 288
288 288
288 288
288 288
972 288
288 288
288 288
288 288
288 288
288 288
252 288
252 288
252 288
252 288
288 288
288 288
288 288
288 288
288 288
288 288
288 288
288 288
288 288
288 288
972 288
288 288
288 288
252 288
252 288
252 288
252 288
252 288
288 288
288 288
288 288
288 288
288 288
288 288
288 288
288 288
288 288
288 288
288 288
288 288
972 288
252 288
252 288
252 288
252 288
252 288
252 288
252 288
252 288
252 288
252 288
252 288
252 288
288 288
288 288
288 288
288 288
